======================================================================
SAMPLE DATASETS
======================================================================

ints_1k: size=1000 example_first_3=[906691059, 413653999, 813847339]
ints_10k: size=10000 example_first_3=[197508820, 312522778, 399927947]
ints_100k: size=100000 example_first_3=[2938532, 534479209, 219752757]
str_1k: size=1000 example_first_3=['mxSV48vqphMO', 'i9dITOBKzLa1', 'tnsyAqzESTJQ']
str_10k: size=10000 example_first_3=['SU25Jfm1bf4H', '59vFZQIcrATi', 'Eh9n558y6Iq6']

======================================================================
EXPERIMENT 1: LOAD FACTOR IMPACT (ints_100k)
======================================================================

size,total_insert_time_s,avg_time_per_insert_us
10000,0.000504,0.050
25000,0.001777,0.071
50000,0.003187,0.064
75000,0.004168,0.056
100000,0.008247,0.082

======================================================================
EXPERIMENT 2: COLLISION FREQUENCY
======================================================================

Case, num_keys, num_buckets, used_buckets, max_bucket_size, avg_load_non_empty, variance_non_empty
good,10000,1024,1024,26,9.77,9.07
bad,10000,1024,1,10000,10000.00,0.00

======================================================================
EXPERIMENT 3: HASH FUNCTION QUALITY
======================================================================

HashType, num_keys, num_buckets, used_buckets, max_bucket_size, avg_load_non_empty, variance_non_empty
builtin,10000,1024,1024,21,9.77,8.74
bad,10000,1024,62,198,161.29,157.43

======================================================================
EXPERIMENT 4: RESIZE OVERHEAD
======================================================================

# Sampling every 100 inserts
index,time_per_insert_us
0,0.900
100,0.000
200,0.000
300,0.200
400,0.200
500,0.000
600,0.100
700,0.000
800,0.000
900,0.100
1000,0.100
1100,0.100
1200,0.000
1300,0.100
1400,0.100
1500,0.100
1600,0.100
1700,0.100
1800,0.100
1900,0.100
2000,0.100
2100,0.100
2200,0.000
2300,0.100
2400,0.100
2500,0.100
2600,0.100
2700,0.100
2800,0.200
2900,0.100
3000,0.100
3100,0.100
3200,0.100
3300,0.200
3400,0.100
3500,0.100
3600,0.100
3700,0.100
3800,0.100
3900,0.100
4000,0.100
4100,0.100
4200,0.100
4300,0.100
4400,0.100
4500,0.200
4600,0.100
4700,0.100
4800,0.300
4900,0.100
5000,0.100
5100,0.100
5200,0.100
5300,0.100
5400,0.200
5500,0.100
5600,0.100
5700,0.100
5800,0.000
5900,0.000
6000,0.100
6100,0.100
6200,0.200
6300,0.100
6400,0.200
6500,0.200
6600,0.100
6700,0.200
6800,0.200
6900,0.200
7000,0.200
7100,0.300
7200,0.200
7300,0.000
7400,0.100
7500,0.200
7600,0.200
7700,0.100
7800,0.100
7900,0.100
8000,0.100
8100,0.100
8200,0.100
8300,0.000
8400,0.100
8500,0.100
8600,0.200
8700,0.100
8800,0.100
8900,0.100
9000,0.000
9100,0.300
9200,0.100
9300,0.100
9400,0.100
9500,0.000
9600,0.100
9700,0.100
9800,0.200
9900,0.100
10000,0.100
10100,0.100
10200,0.200
10300,0.100
10400,0.000
10500,0.100
10600,0.100
10700,0.100
10800,0.200
10900,0.100
11000,0.100
11100,0.100
11200,0.100
11300,0.100
11400,0.000
11500,0.100
11600,0.100
11700,0.000
11800,0.100
11900,0.100
12000,0.100
12100,0.100
12200,0.100
12300,0.100
12400,0.200
12500,0.000
12600,0.200
12700,0.100
12800,0.100
12900,0.100
13000,0.100
13100,0.100
13200,0.300
13300,0.100
13400,0.200
13500,0.100
13600,0.000
13700,0.200
13800,0.100
13900,0.100
14000,0.000
14100,0.200
14200,0.200
14300,0.100
14400,0.000
14500,0.000
14600,0.100
14700,0.000
14800,0.100
14900,0.200
15000,0.100
15100,0.100
15200,0.200
15300,0.100
15400,0.000
15500,0.100
15600,0.100
15700,0.100
15800,0.200
15900,0.100
16000,0.100
16100,0.300
16200,0.100
16300,0.100
16400,0.100
16500,0.100
16600,0.200
16700,0.200
16800,0.100
16900,0.100
17000,0.100
17100,0.100
17200,0.200
17300,0.200
17400,0.100
17500,0.000
17600,0.100
17700,0.100
17800,0.100
17900,0.100
18000,0.100
18100,0.000
18200,0.100
18300,0.100
18400,0.100
18500,0.200
18600,0.100
18700,0.000
18800,0.100
18900,0.100
19000,0.100
19100,0.200
19200,0.000
19300,0.100
19400,0.000
19500,0.100
19600,0.100
19700,0.100
19800,0.200
19900,0.300
20000,0.200
20100,0.200
20200,0.100
20300,0.100
20400,0.100
20500,0.100
20600,0.100
20700,0.100
20800,0.100
20900,0.000
21000,0.200
21100,0.100
21200,0.200
21300,0.100
21400,0.000
21500,0.000
21600,0.100
21700,0.400
21800,0.100
21900,0.100
22000,0.000
22100,0.200
22200,0.100
22300,0.100
22400,0.100
22500,0.100
22600,0.100
22700,0.200
22800,0.300
22900,0.200
23000,0.100
23100,0.200
23200,0.200
23300,0.100
23400,0.000
23500,0.100
23600,0.100
23700,0.100
23800,0.100
23900,0.100
24000,0.200
24100,0.100
24200,0.100
24300,0.300
24400,0.200
24500,0.100
24600,0.200
24700,0.000
24800,0.300
24900,0.200
25000,0.100
25100,0.100
25200,0.100
25300,0.300
25400,0.100
25500,0.000
25600,0.100
25700,0.000
25800,0.200
25900,0.200
26000,0.000
26100,0.200
26200,0.300
26300,0.100
26400,0.100
26500,0.200
26600,0.100
26700,0.000
26800,1.300
26900,0.200
27000,0.000
27100,0.100
27200,0.000
27300,0.100
27400,0.200
27500,0.100
27600,0.100
27700,0.100
27800,0.300
27900,0.200
28000,0.300
28100,0.500
28200,0.200
28300,0.200
28400,0.100
28500,0.300
28600,0.100
28700,0.200
28800,0.400
28900,0.200
29000,0.300
29100,0.100
29200,0.100
29300,0.100
29400,0.300
29500,0.400
29600,0.200
29700,0.200
29800,0.200
29900,0.100
30000,0.100
30100,0.400
30200,0.100
30300,0.200
30400,0.200
30500,0.100
30600,0.200
30700,0.400
30800,0.100
30900,0.300
31000,0.100
31100,0.100
31200,0.100
31300,0.100
31400,0.100
31500,0.400
31600,0.100
31700,0.100
31800,0.100
31900,0.500
32000,0.100
32100,0.100
32200,0.200
32300,0.100
32400,0.000
32500,0.100
32600,0.100
32700,0.200
32800,0.100
32900,0.100
33000,0.200
33100,0.300
33200,0.100
33300,0.100
33400,0.100
33500,0.100
33600,0.100
33700,0.300
33800,0.500
33900,0.100
34000,0.000
34100,0.000
34200,0.100
34300,0.100
34400,0.300
34500,0.300
34600,0.100
34700,0.100
34800,0.200
34900,0.200
35000,0.100
35100,0.300
35200,0.100
35300,0.100
35400,0.100
35500,0.200
35600,0.100
35700,0.100
35800,0.200
35900,0.000
36000,0.100
36100,0.200
36200,0.100
36300,0.300
36400,0.100
36500,0.200
36600,0.100
36700,0.100
36800,0.100
36900,0.100
37000,1.200
37100,0.200
37200,0.100
37300,0.100
37400,0.100
37500,0.200
37600,0.100
37700,0.100
37800,0.100
37900,0.000
38000,0.100
38100,0.100
38200,0.100
38300,0.100
38400,0.100
38500,0.100
38600,0.000
38700,0.100
38800,0.100
38900,0.100
39000,0.300
39100,0.100
39200,0.100
39300,0.200
39400,0.100
39500,0.300
39600,0.100
39700,0.200
39800,0.200
39900,0.100
40000,0.300
40100,0.300
40200,0.200
40300,0.100
40400,0.000
40500,0.100
40600,0.200
40700,0.200
40800,0.000
40900,0.100
41000,0.100
41100,0.300
41200,0.100
41300,0.200
41400,0.100
41500,0.000
41600,0.100
41700,0.200
41800,0.100
41900,0.200
42000,0.100
42100,0.600
42200,0.100
42300,0.300
42400,0.100
42500,0.200
42600,0.100
42700,0.100
42800,0.100
42900,0.100
43000,0.100
43100,0.200
43200,0.400
43300,0.200
43400,0.100
43500,0.100
43600,0.100
43700,0.000
43800,0.100
43900,0.100
44000,0.100
44100,0.100
44200,0.200
44300,0.100
44400,0.100
44500,0.100
44600,0.000
44700,0.200
44800,0.100
44900,0.200
45000,0.100
45100,0.000
45200,0.200
45300,0.100
45400,0.000
45500,0.000
45600,0.000
45700,0.100
45800,0.100
45900,0.100
46000,0.000
46100,0.000
46200,0.200
46300,0.100
46400,0.300
46500,0.000
46600,0.200
46700,0.200
46800,0.100
46900,0.300
47000,0.100
47100,0.100
47200,0.400
47300,0.300
47400,0.100
47500,0.100
47600,0.100
47700,0.300
47800,0.100
47900,0.400
48000,0.400
48100,0.100
48200,0.300
48300,0.100
48400,0.100
48500,0.500
48600,0.400
48700,4.800
48800,0.200
48900,0.200
49000,0.200
49100,0.200
49200,0.300
49300,0.200
49400,0.100
49500,0.200
49600,0.100
49700,0.000
49800,0.200
49900,0.100
49999,0.100

# Summary: n=50000, avg_per_insert_us=0.189, max_insert_us=996.600